0
0
0
0
0
0
0
0
0
0
0
0
0
0.62137121
3.10685587
3.10685587
6.21371174
6.21371174
8.69919682
9.94193935
9.94193935
10.56331062
10.56331062
10.56331062
10.56331062
10.56331062
8.07782555
8.07782555
3.72822714
0.62137121
0.62137121
1.24274242
1.24274242
4.97096968
4.97096968
8.07782555
11.80605221
11.80605221
11.80605221
14.29153728
14.29153728
16.15565109
18.01976395
18.01976395
18.64113617
18.64113617
18.64113617
18.64113617
19.88387871
19.88387871
20.50524902
20.50524902
21.12662125
21.74799156
21.74799156
21.74799156
21.74799156
20.50524902
18.01976395
18.01976395
14.91290855
14.91290855
11.18468189
11.18468189
4.34959841
0
0
5.59234095
5.59234095
8.69919682
8.69919682
11.18468189
14.29153728
14.29153728
16.77702141
16.77702141
17.39839363
17.39839363
16.77702141
13.04879475
13.04879475
6.21371174
6.21371174
1.24274242
1.24274242
4.97096968
9.94193935
9.94193935
14.29153728
14.29153728
17.39839363
17.39839363
19.88387871
19.88387871
21.74799156
22.9907341
22.9907341
24.23347664
24.23347664
24.85484695
25.47621918
25.47621918
25.47621918
25.47621918
26.09758949
26.09758949
26.09758949
26.09758949
26.09758949
26.09758949
26.09758949
26.09758949
26.09758949
26.09758949
26.71896172
26.71896172
22.36936378
22.36936378
13.67016602
13.67016602
12.42742348
12.42742348
10.56331062
10.56331062
16.15565109
16.15565109
20.50524902
20.50524902
20.50524902
24.85484695
24.85484695
27.34033203
27.34033203
29.20444679
29.20444679
30.44718933
30.44718933
30.44718933
31.06855965
31.06855965
31.06855965
31.68992996
31.68992996
31.68992996
31.68992996
31.68992996
31.68992996
31.68992996
31.06855965
31.06855965
31.06855965
31.06855965
31.06855965
30.44718933
30.44718933
29.82581711
29.82581711
29.82581711
29.82581711
29.82581711
29.82581711
29.82581711
29.20444679
29.20444679
29.20444679
29.20444679
29.82581711
29.82581711
31.06855965
31.06855965
32.31130219
32.31130219
33.55404282
33.55404282
34.79678726
34.79678726
34.79678726
34.79678726
34.79678726
34.17541504
26.09758949
26.09758949
12.42742348
12.42742348
2.48548484
2.48548484
6.21371174
11.18468189
11.18468189
16.77702141
16.77702141
22.36936378
27.34033203
27.34033203
30.44718933
30.44718933
32.31130219
32.31130219
34.17541504
34.17541504
34.17541504
34.17541504
34.17541504
32.93267441
32.93267441
32.31130219
32.31130219
31.68992996
31.68992996
31.68992996
31.68992996
32.31130219
32.31130219
32.93267441
32.93267441
32.93267441
32.93267441
32.93267441
32.93267441
32.93267441
32.93267441
32.93267441
33.55404282
33.55404282
33.55404282
33.55404282
33.55404282
32.93267441
32.93267441
33.55404282
34.17541504
34.17541504
35.41815948
35.41815948
36.66090012
37.90364456
37.90364456
38.52501297
38.52501297
39.14638519
39.14638519
39.14638519
39.14638519
39.14638519
39.14638519
39.14638519
39.14638519
39.76775742
39.76775742
40.38912582
40.38912582
41.01049805
41.01049805
41.63187027
41.01049805
41.01049805
41.01049805
41.01049805
40.38912582
40.38912582
40.38912582
39.76775742
39.76775742
39.14638519
39.14638519
37.90364456
37.28227234
37.28227234
37.28227234
37.28227234
37.28227234
37.28227234
37.28227234
37.28227234
37.28227234
36.66090012
36.66090012
36.66090012
36.03952789
36.03952789
33.55404282
30.44718933
30.44718933
26.71896172
26.71896172
21.74799156
21.74799156
14.29153728
14.29153728
7.45645428
7.45645428
1.86411357
1.86411357
0
0
0
0
0
0
0
0
0
0
0
0
0
0
0
0
0
0
0
0
0
0
0
0
0
0
0
0
0
0
0
0
0
0
0
0
0
0
0
0
0
0
0
0
0
0
0
0
0
0
0
0
0
0
0
0
0
0
0
0
0
0
0
0
0
0
0
0
0
0
0
0
0
0
0
0
0
0
0
0
0
0
0
0
0
0
2.48548484
2.48548484
7.45645428
11.80605221
11.80605221
16.15565109
16.15565109
19.26250648
21.12662125
21.12662125
23.61210442
23.61210442
26.09758949
26.09758949
27.34033203
27.34033203
27.34033203
26.09758949
26.09758949
25.47621918
25.47621918
26.71896172
26.71896172
26.71896172
26.71896172
29.20444679
29.20444679
31.68992996
31.68992996
34.17541504
34.17541504
36.03952789
37.28227234
37.28227234
39.14638519
39.14638519
40.38912582
41.01049805
41.01049805
41.63187027
41.63187027
40.38912582
38.52501297
38.52501297
36.66090012
36.66090012
33.55404282
33.55404282
28.58307457
24.85484695
24.85484695
19.88387871
19.88387871
16.77702141
18.01976395
18.01976395
23.61210442
23.61210442
27.96170425
27.96170425
29.82581711
31.68992996
31.68992996
32.31130219
32.31130219
33.55404282
33.55404282
33.55404282
33.55404282
33.55404282
34.17541504
34.17541504
34.17541504
34.17541504
34.17541504
35.41815948
35.41815948
38.52501297
44.73872757
44.73872757
52.19517899
52.19517899
60.27300644
64.00123596
64.00123596
64.62260437
64.62260437
64.62260437
64.00123596
64.00123596
64.62260437
64.62260437
64.62260437
64.62260437
64.00123596
64.00123596
64.00123596
64.00123596
64.00123596
64.62260437
64.62260437
64.62260437
65.24397278
65.24397278
65.86534882
65.86534882
66.48671722
66.48671722
66.48671722
66.48671722
66.48671722
65.86534882
65.86534882
65.86534882
65.24397278
65.24397278
65.24397278
65.24397278
64.62260437
64.00123596
64.00123596
63.37985992
63.37985992
62.75849152
62.75849152
62.13711929
61.51574707
61.51574707
60.89437866
60.89437866
60.27300644
59.65163422
59.65163422
59.65163422
59.65163422
59.65163422
59.65163422
59.65163422
59.65163422
59.65163422
59.65163422
59.65163422
59.65163422
59.65163422
59.65163422
60.27300644
60.27300644
60.89437866
60.89437866
60.89437866
61.51574707
61.51574707
62.75849152
64.00123596
64.00123596
64.62260437
64.62260437
65.24397278
65.24397278
65.86534882
67.10808563
67.10808563
67.72946167
67.72946167
68.35083008
68.97220612
68.97220612
70.21494293
70.21494293
71.45768738
71.45768738
72.07905579
72.70043182
72.70043182
73.32180023
73.32180023
73.32180023
72.70043182
72.70043182
71.45768738
71.45768738
70.83631897
70.83631897
70.83631897
70.83631897
70.83631897
70.83631897
70.83631897
70.83631897
70.83631897
70.83631897
70.83631897
70.83631897
70.83631897
70.83631897
70.83631897
70.83631897
70.83631897
70.83631897
70.83631897
70.83631897
69.59357452
69.59357452
68.97220612
68.97220612
68.97220612
68.97220612
68.97220612
68.35083008
68.97220612
68.97220612
68.97220612
68.97220612
68.97220612
68.97220612
68.97220612
68.97220612
68.97220612
68.97220612
68.97220612
68.97220612
68.97220612
68.97220612
68.97220612
68.97220612
68.97220612
68.97220612
68.97220612
68.97220612
68.97220612
68.97220612
68.97220612
68.97220612
68.97220612
68.97220612
68.97220612
68.97220612
68.97220612
68.97220612
68.97220612
68.97220612
68.97220612
68.35083008
68.35083008
68.35083008
67.72946167
67.72946167
66.48671722
66.48671722
65.86534882
65.24397278
65.24397278
64.62260437
64.62260437
64.62260437
64.62260437
65.24397278
65.24397278
65.24397278
65.86534882
65.86534882
66.48671722
66.48671722
67.10808563
68.35083008
68.35083008
68.35083008
68.35083008
68.35083008
68.35083008
68.35083008
68.35083008
68.35083008
68.97220612
68.97220612
68.97220612
69.59357452
69.59357452
70.21494293
70.21494293
71.45768738
72.07905579
72.07905579
72.70043182
72.70043182
72.70043182
72.70043182
73.32180023
73.32180023
73.32180023
73.94316864
73.94316864
73.94316864
73.94316864
73.94316864
73.94316864
73.94316864
73.94316864
73.94316864
73.94316864
73.32180023
73.32180023
72.70043182
72.07905579
72.07905579
72.07905579
72.07905579
71.45768738
71.45768738
71.45768738
70.83631897
70.83631897
70.83631897
70.83631897
70.83631897
70.83631897
70.83631897
70.21494293
70.21494293
70.21494293
69.59357452
69.59357452
69.59357452
69.59357452
69.59357452
69.59357452
69.59357452
69.59357452
69.59357452
69.59357452
70.21494293
70.21494293
70.21494293
70.83631897
71.45768738
71.45768738
71.45768738
71.45768738
71.45768738
71.45768738
71.45768738
71.45768738
71.45768738
71.45768738
72.07905579
72.07905579
72.70043182
73.32180023
73.32180023
73.94316864
73.94316864
73.94316864
73.94316864
73.94316864
74.56454468
74.56454468
74.56454468
74.56454468
74.56454468
75.18591309
75.18591309
75.18591309
75.18591309
75.18591309
75.18591309
75.18591309
75.18591309
75.18591309
74.56454468
74.56454468
74.56454468
74.56454468
74.56454468
74.56454468
74.56454468
73.32180023
73.32180023
73.32180023
73.32180023
73.32180023
73.32180023
73.32180023
73.32180023
73.94316864
73.94316864
73.94316864
74.56454468
74.56454468
74.56454468
74.56454468
73.32180023
73.32180023
72.07905579
70.83631897
70.83631897
70.83631897
70.83631897
70.83631897
71.45768738
71.45768738
72.07905579
72.07905579
72.07905579
72.07905579
72.07905579
71.45768738
71.45768738
71.45768738
71.45768738
70.83631897
70.83631897
70.83631897
70.83631897
70.83631897
70.83631897
70.83631897
70.83631897
70.21494293
70.21494293
70.83631897
71.45768738
71.45768738
70.83631897
70.83631897
70.83631897
70.83631897
70.21494293
69.59357452
69.59357452
68.97220612
68.97220612
67.72946167
66.48671722
66.48671722
65.24397278
65.24397278
64.00123596
64.00123596
63.37985992
63.37985992
63.37985992
65.24397278
65.24397278
67.72946167
70.83631897
70.83631897
72.70043182
72.70043182
73.94316864
74.56454468
74.56454468
74.56454468
74.56454468
73.94316864
73.32180023
73.32180023
72.70043182
72.70043182
72.07905579
72.07905579
72.07905579
71.45768738
71.45768738
70.21494293
70.21494293
69.59357452
68.97220612
68.97220612
68.97220612
68.97220612
69.59357452
70.83631897
70.83631897
71.45768738
71.45768738
72.70043182
73.94316864
73.94316864
74.56454468
74.56454468
74.56454468
74.56454468
74.56454468
74.56454468
73.94316864
73.94316864
73.94316864
74.56454468
74.56454468
73.94316864
74.56454468
74.56454468
73.94316864
73.94316864
73.32180023
73.32180023
72.70043182
72.70043182
72.70043182
72.70043182
72.07905579
72.07905579
72.07905579
72.07905579
72.70043182
72.70043182
72.70043182
72.70043182
73.32180023
74.56454468
74.56454468
74.56454468
74.56454468
73.32180023
72.07905579
72.07905579
70.83631897
70.83631897
70.21494293
70.21494293
68.35083008
67.72946167
67.72946167
67.10808563
67.10808563
66.48671722
66.48671722
66.48671722
67.72946167
67.72946167
69.59357452
69.59357452
69.59357452
70.83631897
70.83631897
71.45768738
70.83631897
70.83631897
70.83631897
70.83631897
71.45768738
71.45768738
71.45768738
71.45768738
71.45768738
71.45768738
71.45768738
71.45768738
70.83631897
70.83631897
70.21494293
70.21494293
70.21494293
70.21494293
70.83631897
71.45768738
71.45768738
71.45768738
71.45768738
71.45768738
71.45768738
71.45768738
70.83631897
70.83631897
70.83631897
70.83631897
70.21494293
70.21494293
70.21494293
69.59357452
69.59357452
69.59357452
69.59357452
69.59357452
69.59357452
69.59357452
69.59357452
70.21494293
70.21494293
70.21494293
70.21494293
70.83631897
71.45768738
71.45768738
71.45768738
71.45768738
71.45768738
72.07905579
72.07905579
72.07905579
72.07905579
72.07905579
72.07905579
72.07905579
71.45768738
71.45768738
71.45768738
71.45768738
71.45768738
71.45768738
71.45768738
71.45768738
71.45768738
71.45768738
70.83631897
70.83631897
70.83631897
70.83631897
70.21494293
70.21494293
70.21494293
70.21494293
70.21494293
69.59357452
69.59357452
69.59357452
68.97220612
68.97220612
68.35083008
68.35083008
68.35083008
68.35083008
68.35083008
68.35083008
68.35083008
68.35083008
68.35083008
68.35083008
68.35083008
68.35083008
68.35083008
68.35083008
68.35083008
68.35083008
68.35083008
68.35083008
68.35083008
68.35083008
68.35083008
68.35083008
68.35083008
68.97220612
68.97220612
68.97220612
68.97220612
68.97220612
68.97220612
68.97220612
68.97220612
69.59357452
69.59357452
69.59357452
69.59357452
69.59357452
69.59357452
69.59357452
69.59357452
70.21494293
70.21494293
70.83631897
70.83631897
70.83631897
71.45768738
71.45768738
71.45768738
71.45768738
71.45768738
71.45768738
71.45768738
70.83631897
70.83631897
70.83631897
70.83631897
70.83631897
70.83631897
70.83631897
70.83631897
70.83631897
70.83631897
70.83631897
70.83631897
70.83631897
70.83631897
70.83631897
70.83631897
69.59357452
69.59357452
68.97220612
68.97220612
68.97220612
68.97220612
68.97220612
68.97220612
69.59357452
69.59357452
69.59357452
69.59357452
69.59357452
69.59357452
69.59357452
69.59357452
69.59357452
68.97220612
68.97220612
68.35083008
68.35083008
67.72946167
67.72946167
67.10808563
67.10808563
65.86534882
65.86534882
65.86534882
65.24397278
65.24397278
65.86534882
65.86534882
65.86534882
65.86534882
66.48671722
67.72946167
67.72946167
68.97220612
68.97220612
70.21494293
70.21494293
70.83631897
72.07905579
72.07905579
72.70043182
72.70043182
72.70043182
72.70043182
71.45768738
71.45768738
71.45768738
68.35083008
68.35083008
64.00123596
62.13711929
62.13711929
61.51574707
61.51574707
60.27300644
59.03026199
59.03026199
57.78752136
57.78752136
57.16614914
56.54477692
56.54477692
55.92340851
55.92340851
51.57381058
46.60284042
46.60284042
42.8746109
42.8746109
39.76775742
37.90364456
37.90364456
36.03952789
36.03952789
34.79678726
34.79678726
34.79678726
34.79678726
34.79678726
34.79678726
35.41815948
35.41815948
36.66090012
36.66090012
37.90364456
37.90364456
39.14638519
39.14638519
39.14638519
38.52501297
38.52501297
37.90364456
37.90364456
37.90364456
37.28227234
37.28227234
36.03952789
35.41815948
35.41815948
36.66090012
36.66090012
38.52501297
38.52501297
37.90364456
36.66090012
36.66090012
34.17541504
34.17541504
29.20444679
22.9907341
22.9907341
16.77702141
16.77702141
11.80605221
8.07782555
8.07782555
3.10685587
3.10685587
1.24274242
0
0
0
0
0
0
0
0
0
0
0
0
0
0
0
0
0
0
0
2.48548484
2.48548484
3.10685587
3.10685587
3.72822714
3.72822714
3.72822714
3.10685587
3.10685587
3.10685587
3.72822714
3.72822714
4.97096968
4.97096968
6.21371174
6.21371174
9.94193935
12.42742348
12.42742348
13.04879475
13.04879475
13.04879475
13.67016602
13.67016602
16.77702141
16.77702141
20.50524902
22.9907341
22.9907341
25.47621918
25.47621918
26.71896172
27.96170425
27.96170425
28.58307457
28.58307457
29.82581711
29.82581711
32.93267441
34.17541504
34.17541504
35.41815948
35.41815948
36.66090012
36.66090012
36.66090012
36.66090012
35.41815948
35.41815948
34.17541504
32.93267441
32.93267441
32.93267441
32.93267441
32.93267441
33.55404282
33.55404282
34.79678726
35.41815948
35.41815948
36.66090012
36.66090012
37.28227234
37.28227234
37.28227234
37.90364456
37.90364456
37.90364456
37.90364456
37.90364456
37.28227234
37.28227234
37.28227234
37.28227234
37.28227234
37.28227234
36.66090012
36.66090012
36.66090012
33.55404282
33.55404282
29.82581711
25.47621918
25.47621918
20.50524902
20.50524902
14.91290855
10.56331062
10.56331062
6.21371174
6.21371174
2.48548484
2.48548484
2.48548484
5.59234095
5.59234095
6.21371174
6.21371174
6.21371174
8.07782555
8.07782555
9.32056808
9.32056808
7.45645428
9.94193935
9.94193935
14.29153728
14.29153728
15.53427982
17.39839363
17.39839363
21.74799156
21.74799156
26.09758949
26.09758949
27.96170425
30.44718933
30.44718933
32.93267441
32.93267441
34.79678726
34.79678726
36.66090012
38.52501297
38.52501297
40.38912582
40.38912582
41.63187027
42.8746109
42.8746109
43.49598312
43.49598312
44.73872757
44.73872757
45.36009598
44.73872757
44.73872757
44.73872757
44.73872757
44.73872757
44.73872757
45.36009598
45.9814682
45.9814682
45.9814682
45.9814682
45.9814682
45.9814682
45.9814682
45.9814682
45.9814682
44.73872757
44.73872757
44.73872757
44.73872757
45.9814682
45.9814682
46.60284042
46.60284042
46.60284042
46.60284042
47.22420883
47.22420883
46.60284042
46.60284042
45.9814682
45.9814682
45.36009598
45.36009598
45.36009598
45.36009598
45.36009598
45.36009598
45.36009598
45.36009598
44.73872757
44.73872757
44.73872757
44.73872757
45.36009598
45.36009598
45.36009598
45.36009598
45.36009598
45.9814682
45.9814682
45.9814682
45.9814682
46.60284042
46.60284042
46.60284042
46.60284042
46.60284042
45.9814682
45.9814682
45.36009598
45.36009598
43.49598312
42.25324249
42.25324249
42.25324249
42.25324249
42.8746109
42.8746109
42.25324249
42.25324249
42.25324249
41.63187027
41.63187027
41.01049805
41.01049805
39.76775742
39.76775742
38.52501297
36.66090012
36.66090012
33.55404282
33.55404282
28.58307457
25.47621918
25.47621918
24.23347664
24.23347664
24.85484695
24.85484695
24.85484695
24.85484695
24.23347664
24.23347664
22.9907341
22.9907341
21.74799156
19.26250648
19.26250648
13.04879475
13.04879475
8.07782555
8.07782555
4.97096968
0
0
0
0
2.48548484
1.24274242
1.24274242
0
0
1.24274242
1.86411357
1.86411357
2.48548484
2.48548484
2.48548484
1.24274242
1.24274242
3.72822714
3.72822714
10.56331062
16.15565109
16.15565109
20.50524902
20.50524902
24.23347664
24.23347664
27.96170425
27.96170425
30.44718933
30.44718933
31.68992996
31.68992996
32.93267441
34.17541504
34.17541504
35.41815948
35.41815948
35.41815948
35.41815948
36.03952789
37.90364456
37.90364456
39.14638519
39.14638519
41.01049805
41.01049805
42.8746109
43.49598312
43.49598312
44.11735535
44.11735535
44.11735535
44.11735535
44.73872757
44.73872757
44.73872757
45.36009598
45.36009598
46.60284042
46.60284042
46.60284042
47.22420883
47.22420883
47.84558105
47.84558105
47.84558105
47.22420883
47.22420883
45.9814682
45.9814682
45.36009598
45.36009598
44.73872757
45.9814682
45.9814682
46.60284042
46.60284042
47.22420883
47.22420883
46.60284042
46.60284042
46.60284042
45.9814682
45.9814682
45.9814682
45.9814682
45.9814682
45.9814682
45.9814682
45.36009598
45.36009598
45.9814682
45.36009598
45.36009598
44.73872757
44.73872757
44.11735535
41.63187027
41.63187027
39.14638519
39.14638519
35.41815948
32.31130219
32.31130219
27.34033203
27.34033203
18.64113617
9.94193935
9.94193935
1.86411357
1.86411357
5.59234095
5.59234095
11.80605221
18.01976395
18.01976395
22.9907341
22.9907341
27.34033203
31.68992996
31.68992996
34.79678726
34.79678726
37.90364456
37.90364456
40.38912582
41.63187027
41.63187027
42.8746109
42.8746109
42.8746109
42.8746109
42.8746109
42.25324249
42.25324249
42.8746109
42.8746109
44.11735535
44.73872757
44.73872757
45.9814682
45.9814682
47.22420883
47.84558105
47.84558105
48.46695328
48.46695328
49.0883255
49.0883255
49.0883255
49.0883255
49.0883255
49.0883255
49.0883255
49.0883255
49.0883255
49.0883255
48.46695328
48.46695328
48.46695328
48.46695328
48.46695328
48.46695328
48.46695328
47.84558105
47.84558105
47.22420883
47.22420883
47.22420883
47.22420883
47.22420883
46.60284042
45.9814682
45.9814682
45.36009598
45.36009598
45.36009598
45.36009598
44.73872757
44.73872757
44.73872757
44.73872757
44.73872757
44.73872757
44.73872757
44.73872757
44.11735535
44.11735535
42.25324249
42.25324249
40.38912582
40.38912582
35.41815948
29.82581711
29.82581711
23.61210442
23.61210442
18.64113617
17.39839363
17.39839363
19.88387871
19.88387871
25.47621918
25.47621918
29.20444679
31.68992996
31.68992996
32.93267441
32.93267441
35.41815948
35.41815948
37.90364456
37.90364456
40.38912582
40.38912582
40.38912582
40.38912582
41.63187027
41.01049805
41.01049805
41.01049805
41.01049805
41.01049805
41.01049805
41.01049805
39.76775742
39.76775742
40.38912582
41.63187027
41.63187027
44.11735535
44.11735535
45.9814682
45.9814682
46.60284042
47.22420883
47.22420883
47.84558105
47.84558105
47.84558105
47.84558105
48.46695328
48.46695328
49.0883255
49.0883255
49.70969391
49.70969391
49.70969391
49.70969391
49.70969391
49.70969391
49.70969391
49.70969391
49.0883255
49.0883255
47.84558105
47.84558105
47.22420883
47.22420883
47.22420883
47.22420883
45.36009598
45.36009598
42.25324249
42.25324249
35.41815948
35.41815948
29.20444679
29.20444679
27.34033203
27.34033203
27.34033203
27.34033203
23.61210442
23.61210442
18.64113617
18.64113617
16.15565109
16.15565109
11.18468189
11.18468189
9.32056808
6.83508301
6.83508301
6.21371174
6.21371174
4.97096968
4.97096968
4.34959841
4.34959841
3.10685587
3.10685587
4.34959841
4.34959841
11.18468189
11.18468189
16.15565109
16.15565109
18.64113617
18.64113617
18.64113617
20.50524902
20.50524902
18.64113617
18.64113617
12.42742348
12.42742348
3.10685587
3.10685587
0
0
0
0
5.59234095
5.59234095
6.21371174
6.21371174
3.72822714
3.72822714
9.94193935
9.94193935
14.29153728
14.29153728
18.64113617
24.23347664
24.23347664
28.58307457
28.58307457
32.31130219
32.31130219
34.17541504
34.17541504
36.03952789
37.28227234
37.28227234
39.14638519
39.14638519
39.76775742
39.76775742
40.38912582
40.38912582
40.38912582
40.38912582
41.63187027
41.63187027
41.63187027
41.63187027
41.63187027
41.01049805
41.01049805
41.63187027
41.63187027
42.8746109
42.8746109
43.49598312
43.49598312
44.73872757
44.73872757
45.36009598
45.36009598
45.36009598
45.36009598
44.73872757
44.73872757
44.73872757
44.73872757
44.73872757
44.73872757
45.36009598
45.9814682
45.9814682
45.9814682
45.9814682
45.36009598
45.36009598
45.36009598
45.36009598
44.73872757
44.73872757
44.11735535
42.8746109
42.8746109
42.8746109
42.8746109
41.63187027
41.63187027
41.63187027
40.38912582
40.38912582
39.76775742
39.76775742
38.52501297
37.28227234
37.28227234
36.66090012
36.66090012
36.66090012
36.66090012
36.03952789
36.03952789
35.41815948
35.41815948
35.41815948
35.41815948
34.79678726
34.79678726
34.79678726
35.41815948
35.41815948
35.41815948
35.41815948
35.41815948
35.41815948
36.03952789
36.03952789
36.03952789
36.03952789
36.66090012
36.66090012
36.66090012
36.66090012
36.03952789
36.03952789
36.03952789
36.03952789
34.79678726
34.79678726
34.17541504
33.55404282
33.55404282
32.93267441
32.93267441
32.31130219
32.31130219
31.68992996
31.68992996
31.06855965
31.06855965
31.06855965
31.06855965
31.06855965
31.06855965
30.44718933
29.82581711
29.82581711
29.20444679
29.20444679
28.58307457
28.58307457
28.58307457
28.58307457
28.58307457
27.96170425
27.96170425
27.34033203
27.34033203
27.34033203
27.34033203
27.34033203
27.96170425
27.96170425
29.20444679
29.82581711
29.82581711
30.44718933
30.44718933
30.44718933
30.44718933
31.06855965
31.68992996
31.68992996
32.31130219
32.31130219
31.06855965
29.20444679
29.20444679
24.85484695
24.85484695
17.39839363
17.39839363
10.56331062
10.56331062
10.56331062
13.04879475
13.04879475
15.53427982
15.53427982
17.39839363
18.01976395
18.01976395
17.39839363
17.39839363
16.77702141
16.77702141
15.53427982
16.15565109
16.15565109
16.15565109
16.15565109
16.15565109
16.15565109
16.15565109
16.15565109
16.15565109
14.29153728
14.29153728
10.56331062
8.69919682
8.69919682
8.69919682
8.69919682
9.32056808
6.83508301
6.83508301
1.24274242
1.24274242
0
0
1.86411357
3.10685587
3.10685587
1.86411357
1.86411357
0
0
0
0
1.86411357
1.86411357
4.97096968
4.97096968
6.21371174
6.21371174
7.45645428
7.45645428
8.07782555
8.07782555
9.32056808
9.32056808
11.80605221
11.80605221
12.42742348
13.04879475
13.04879475
12.42742348
12.42742348
12.42742348
12.42742348
12.42742348
12.42742348
11.80605221
12.42742348
12.42742348
13.67016602
13.67016602
14.91290855
15.53427982
15.53427982
16.15565109
16.15565109
15.53427982
15.53427982
14.29153728
9.94193935
9.94193935
4.97096968
4.97096968
3.10685587
3.10685587
6.83508301
11.18468189
11.18468189
16.77702141
16.77702141
20.50524902
24.23347664
24.23347664
27.34033203
27.34033203
29.82581711
31.06855965
31.06855965
32.31130219
32.31130219
33.55404282
33.55404282
33.55404282
34.17541504
34.17541504
35.41815948
35.41815948
36.03952789
36.03952789
36.66090012
36.66090012
36.66090012
37.28227234
37.28227234
37.28227234
37.28227234
37.90364456
37.90364456
37.90364456
37.28227234
37.28227234
36.66090012
36.66090012
36.66090012
36.66090012
37.28227234
38.52501297
38.52501297
39.76775742
39.76775742
40.38912582
40.38912582
41.01049805
41.63187027
41.63187027
42.25324249
42.25324249
42.8746109
42.8746109
43.49598312
42.8746109
42.8746109
42.8746109
42.8746109
42.25324249
42.25324249
42.8746109
43.49598312
43.49598312
44.11735535
44.11735535
44.73872757
45.36009598
45.36009598
45.36009598
45.36009598
46.60284042
46.60284042
46.60284042
47.22420883
47.22420883
47.84558105
47.84558105
47.84558105
47.84558105
47.22420883
45.9814682
45.9814682
45.36009598
45.36009598
45.36009598
45.36009598
45.36009598
45.9814682
45.9814682
45.9814682
45.9814682
45.9814682
45.36009598
45.36009598
44.73872757
44.73872757
45.36009598
45.36009598
45.36009598
45.36009598
45.36009598
45.36009598
45.36009598
45.36009598
45.36009598
45.36009598
45.36009598
45.36009598
45.36009598
45.36009598
45.36009598
45.36009598
45.36009598
45.9814682
45.9814682
46.60284042
46.60284042
46.60284042
45.36009598
45.36009598
43.49598312
43.49598312
42.25324249
42.25324249
41.01049805
41.63187027
41.63187027
42.25324249
42.25324249
42.8746109
42.8746109
43.49598312
44.11735535
44.11735535
44.11735535
44.11735535
43.49598312
43.49598312
42.8746109
42.8746109
42.8746109
42.8746109
42.8746109
43.49598312
44.73872757
44.73872757
45.9814682
45.9814682
45.36009598
45.36009598
44.11735535
44.11735535
42.8746109
41.01049805
41.01049805
41.63187027
41.63187027
44.11735535
45.9814682
45.9814682
46.60284042
46.60284042
47.22420883
47.22420883
47.84558105
47.84558105
48.46695328
49.0883255
49.0883255
47.84558105
47.84558105
46.60284042
47.22420883
47.22420883
46.60284042
46.60284042
46.60284042
46.60284042
47.22420883
46.60284042
46.60284042
45.36009598
45.36009598
44.11735535
42.8746109
42.8746109
43.49598312
43.49598312
45.36009598
46.60284042
46.60284042
46.60284042
46.60284042
47.22420883
47.84558105
47.84558105
47.84558105
47.84558105
47.22420883
47.84558105
47.84558105
48.46695328
48.46695328
49.70969391
49.0883255
49.0883255
49.0883255
49.0883255
48.46695328
48.46695328
48.46695328
47.84558105
47.84558105
47.84558105
47.84558105
49.0883255
49.0883255
49.0883255
49.70969391
49.70969391
49.0883255
49.0883255
49.0883255
48.46695328
48.46695328
48.46695328
48.46695328
48.46695328
48.46695328
48.46695328
49.0883255
49.0883255
49.0883255
49.0883255
49.0883255
49.0883255
49.0883255
48.46695328
48.46695328
48.46695328
48.46695328
48.46695328
48.46695328
48.46695328
48.46695328
48.46695328
48.46695328
47.22420883
45.9814682
45.9814682
44.73872757
44.73872757
43.49598312
42.25324249
42.25324249
40.38912582
40.38912582
37.28227234
32.31130219
32.31130219
25.47621918
25.47621918
17.39839363
9.32056808
9.32056808
2.48548484
2.48548484
7.45645428
7.45645428
11.80605221
17.39839363
17.39839363
24.23347664
24.23347664
29.82581711
36.03952789
36.03952789
41.01049805
41.01049805
45.36009598
47.84558105
47.84558105
48.46695328
48.46695328
48.46695328
48.46695328
48.46695328
49.0883255
49.0883255
49.0883255
49.0883255
49.0883255
49.0883255
49.0883255
49.0883255
49.0883255
48.46695328
48.46695328
48.46695328
48.46695328
48.46695328
48.46695328
48.46695328
48.46695328
48.46695328
48.46695328
49.0883255
49.0883255
49.0883255
49.70969391
49.70969391
49.70969391
49.70969391
50.33106613
49.0883255
49.0883255
47.84558105
47.84558105
45.9814682
45.9814682
44.73872757
44.73872757
42.8746109
42.8746109
41.01049805
41.01049805
36.66090012
36.66090012
29.82581711
29.82581711
23.61210442
21.74799156
21.74799156
19.26250648
19.26250648
18.01976395
18.01976395
17.39839363
17.39839363
16.77702141
16.77702141
16.77702141
16.15565109
16.15565109
16.77702141
16.77702141
16.77702141
17.39839363
17.39839363
18.01976395
18.01976395
19.88387871
21.12662125
21.12662125
22.36936378
22.36936378
22.36936378
20.50524902
20.50524902
17.39839363
17.39839363
15.53427982
15.53427982
14.91290855
18.01976395
18.01976395
20.50524902
20.50524902
22.9907341
22.9907341
24.23347664
25.47621918
25.47621918
26.09758949
26.09758949
26.09758949
26.09758949
26.09758949
25.47621918
25.47621918
24.23347664
22.9907341
22.9907341
22.36936378
22.36936378
21.12662125
21.12662125
21.12662125
21.12662125
21.12662125
22.36936378
22.36936378
23.61210442
24.23347664
24.23347664
25.47621918
25.47621918
27.96170425
27.96170425
32.31130219
35.41815948
35.41815948
37.28227234
37.28227234
38.52501297
39.76775742
39.76775742
40.38912582
40.38912582
40.38912582
40.38912582
41.01049805
42.25324249
42.25324249
42.8746109
42.8746109
43.49598312
43.49598312
44.73872757
45.9814682
45.9814682
47.22420883
47.22420883
48.46695328
49.0883255
49.0883255
49.70969391
49.70969391
49.70969391
49.70969391
49.70969391
49.70969391
49.70969391
49.70969391
49.70969391
49.70969391
49.70969391
49.70969391
49.70969391
49.70969391
50.95243835
50.95243835
50.95243835
50.95243835
50.95243835
50.95243835
51.57381058
51.57381058
51.57381058
51.57381058
51.57381058
51.57381058
51.57381058
50.33106613
50.33106613
48.46695328
48.46695328
48.46695328
49.0883255
49.0883255
49.70969391
49.70969391
49.0883255
49.0883255
48.46695328
47.22420883
47.22420883
45.36009598
45.36009598
45.36009598
46.60284042
46.60284042
49.0883255
49.0883255
50.33106613
50.95243835
50.95243835
51.57381058
51.57381058
51.57381058
51.57381058
51.57381058
50.33106613
50.33106613
49.0883255
48.46695328
48.46695328
46.60284042
46.60284042
44.73872757
44.73872757
43.49598312
43.49598312
44.11735535
44.11735535
45.36009598
45.36009598
45.9814682
45.36009598
45.36009598
44.73872757
44.73872757
44.11735535
42.25324249
42.25324249
38.52501297
38.52501297
34.79678726
34.79678726
32.31130219
31.06855965
31.06855965
28.58307457
28.58307457
25.47621918
21.12662125
21.12662125
17.39839363
17.39839363
14.29153728
11.18468189
11.18468189
9.94193935
9.94193935
6.83508301
4.97096968
4.97096968
4.97096968
4.97096968
4.97096968
4.97096968
4.97096968
3.72822714
3.72822714
0.62137121
0.62137121
0
3.72822714
3.72822714
3.10685587
3.10685587
0
0
0
4.34959841
4.34959841
11.80605221
11.80605221
19.26250648
19.26250648
25.47621918
25.47621918
29.82581711
29.82581711
33.55404282
33.55404282
35.41815948
36.03952789
36.03952789
37.28227234
37.28227234
38.52501297
38.52501297
39.14638519
39.14638519
39.14638519
38.52501297
38.52501297
37.90364456
38.52501297
38.52501297
39.14638519
39.14638519
39.14638519
36.66090012
36.66090012
33.55404282
33.55404282
27.34033203
19.26250648
19.26250648
10.56331062
10.56331062
3.72822714
3.72822714
8.69919682
14.29153728
14.29153728
21.12662125
21.12662125
26.09758949
31.06855965
31.06855965
34.17541504
34.17541504
37.28227234
39.14638519
39.14638519
40.38912582
40.38912582
41.01049805
42.25324249
42.25324249
42.8746109
42.8746109
43.49598312
43.49598312
44.73872757
44.73872757
44.73872757
44.73872757
45.36009598
45.36009598
45.9814682
45.9814682
47.22420883
48.46695328
48.46695328
48.46695328
48.46695328
49.0883255
49.0883255
48.46695328
48.46695328
48.46695328
49.0883255
49.0883255
49.0883255
49.0883255
49.0883255
49.70969391
49.70969391
50.33106613
50.33106613
50.33106613
50.95243835
50.95243835
51.57381058
51.57381058
52.19517899
52.19517899
52.19517899
52.19517899
52.19517899
52.19517899
52.19517899
52.19517899
52.19517899
52.19517899
52.19517899
51.57381058
52.19517899
52.19517899
52.19517899
52.19517899
52.19517899
51.57381058
51.57381058
50.33106613
50.33106613
49.70969391
50.33106613
50.33106613
50.33106613
50.33106613
49.70969391
49.70969391
49.70969391
49.70969391
49.70969391
49.70969391
49.70969391
49.70969391
49.0883255
49.0883255
49.0883255
49.0883255
49.70969391
49.70969391
49.70969391
49.70969391
49.70969391
49.70969391
49.70969391
49.70969391
49.70969391
49.70969391
49.70969391
49.0883255
49.0883255
49.0883255
49.0883255
49.0883255
49.0883255
49.0883255
49.0883255
49.0883255
49.0883255
49.0883255
49.0883255
49.0883255
49.0883255
49.0883255
49.0883255
49.0883255
49.0883255
49.0883255
49.0883255
49.0883255
49.0883255
49.0883255
49.0883255
49.0883255
48.46695328
48.46695328
48.46695328
48.46695328
48.46695328
49.0883255
49.0883255
49.0883255
49.0883255
49.0883255
49.0883255
49.0883255
48.46695328
48.46695328
48.46695328
48.46695328
49.0883255
49.0883255
49.0883255
49.0883255
49.0883255
48.46695328
48.46695328
48.46695328
48.46695328
48.46695328
48.46695328
48.46695328
49.0883255
49.0883255
49.0883255
49.0883255
49.0883255
48.46695328
48.46695328
48.46695328
48.46695328
48.46695328
48.46695328
48.46695328
48.46695328
48.46695328
48.46695328
48.46695328
48.46695328
48.46695328
48.46695328
49.0883255
49.0883255
49.0883255
49.0883255
49.0883255
49.0883255
49.0883255
49.70969391
49.70969391
49.0883255
49.0883255
49.0883255
48.46695328
48.46695328
48.46695328
48.46695328
48.46695328
47.84558105
47.84558105
48.46695328
48.46695328
48.46695328
48.46695328
48.46695328
49.0883255
49.0883255
49.0883255
49.0883255
49.0883255
49.0883255
49.0883255
49.0883255
49.0883255
49.0883255
49.0883255
49.0883255
49.0883255
49.0883255
49.0883255
49.0883255
49.0883255
49.0883255
49.0883255
49.0883255
48.46695328
48.46695328
48.46695328
48.46695328
48.46695328
48.46695328
48.46695328
48.46695328
48.46695328
48.46695328
48.46695328
48.46695328
48.46695328
49.0883255
49.0883255
49.0883255
49.0883255
49.0883255
49.0883255
49.0883255
49.0883255
49.0883255
49.0883255
49.0883255
48.46695328
48.46695328
48.46695328
48.46695328
48.46695328
48.46695328
48.46695328
48.46695328
48.46695328
49.0883255
49.0883255
49.0883255
49.0883255
49.0883255
49.0883255
49.0883255
48.46695328
48.46695328
47.22420883
47.22420883
45.9814682
45.9814682
44.73872757
44.73872757
42.8746109
42.8746109
41.63187027
41.63187027
41.63187027
41.63187027
42.25324249
42.25324249
42.25324249
42.8746109
42.8746109
44.11735535
44.11735535
44.73872757
44.73872757
45.9814682
47.22420883
47.22420883
47.22420883
47.22420883
46.60284042
46.60284042
46.60284042
47.22420883
47.22420883
46.60284042
46.60284042
45.9814682
45.9814682
45.9814682
45.9814682
45.9814682
45.9814682
45.9814682
45.9814682
45.9814682
45.36009598
45.36009598
45.36009598
44.11735535
44.11735535
43.49598312
43.49598312
44.11735535
44.11735535
44.73872757
45.36009598
45.36009598
45.36009598
45.36009598
45.36009598
45.36009598
45.36009598
45.36009598
45.36009598
45.36009598
45.9814682
45.9814682
45.9814682
46.60284042
46.60284042
47.22420883
47.22420883
47.84558105
47.84558105
47.84558105
47.22420883
47.22420883
46.60284042
46.60284042
47.22420883
48.46695328
48.46695328
48.46695328
48.46695328
47.84558105
47.84558105
47.84558105
47.84558105
47.84558105
48.46695328
48.46695328
48.46695328
49.0883255
49.0883255
49.0883255
49.0883255
49.0883255
49.70969391
49.70969391
50.95243835
50.95243835
50.95243835
51.57381058
51.57381058
52.19517899
52.19517899
52.19517899
52.19517899
52.19517899
51.57381058
51.57381058
51.57381058
50.95243835
50.95243835
50.33106613
50.33106613
49.0883255
48.46695328
48.46695328
47.84558105
47.84558105
45.9814682
44.11735535
44.11735535
41.63187027
41.63187027
39.76775742
37.28227234
37.28227234
36.66090012
36.66090012
36.66090012
37.28227234
37.28227234
37.90364456
37.90364456
38.52501297
39.14638519
39.14638519
38.52501297
38.52501297
37.90364456
36.66090012
36.66090012
36.03952789
36.03952789
34.79678726
33.55404282
33.55404282
32.31130219
32.31130219
32.31130219
32.93267441
32.93267441
33.55404282
33.55404282
34.79678726
35.41815948
35.41815948
35.41815948
35.41815948
34.79678726
34.79678726
34.17541504
33.55404282
33.55404282
32.93267441
32.93267441
32.31130219
32.31130219
31.68992996
31.06855965
31.06855965
30.44718933
30.44718933
30.44718933
31.06855965
31.06855965
31.68992996
31.68992996
31.68992996
32.31130219
32.31130219
32.31130219
32.31130219
32.31130219
32.31130219
32.31130219
32.31130219
32.31130219
32.93267441
32.93267441
32.93267441
31.68992996
31.68992996
27.96170425
25.47621918
25.47621918
25.47621918
25.47621918
26.71896172
27.34033203
27.34033203
27.34033203
27.96170425
27.96170425
28.58307457
28.58307457
28.58307457
28.58307457
28.58307457
29.20444679
29.20444679
29.20444679
29.20444679
29.20444679
29.82581711
29.82581711
29.82581711
29.82581711
29.82581711
29.82581711
29.82581711
30.44718933
29.82581711
29.82581711
29.82581711
29.82581711
29.82581711
30.44718933
30.44718933
30.44718933
30.44718933
30.44718933
30.44718933
30.44718933
29.82581711
29.82581711
29.82581711
29.82581711
29.20444679
28.58307457
28.58307457
26.71896172
23.61210442
23.61210442
18.64113617
18.64113617
13.67016602
7.45645428
7.45645428
1.24274242
0
0
0
0
0
0
0
0
0
0
0
0
0
0
0
0
0
0
0
0
0
0
5.59234095
10.56331062
10.56331062
14.91290855
14.91290855
18.64113617
22.36936378
22.36936378
24.85484695
26.09758949
26.09758949
27.96170425
27.96170425
29.20444679
29.82581711
29.82581711
29.82581711
29.82581711
29.82581711
29.82581711
29.82581711
29.20444679
29.20444679
28.58307457
27.34033203
27.34033203
26.71896172
26.71896172
26.71896172
27.34033203
27.34033203
27.34033203
27.34033203
27.34033203
27.96170425
27.96170425
27.96170425
27.96170425
28.58307457
28.58307457
28.58307457
28.58307457
27.96170425
27.96170425
27.96170425
27.96170425
26.09758949
26.09758949
24.23347664
22.9907341
22.9907341
22.9907341
22.9907341
23.61210442
23.61210442
23.61210442
24.23347664
24.23347664
24.85484695
24.85484695
26.09758949
26.09758949
26.09758949
26.09758949
25.47621918
25.47621918
25.47621918
25.47621918
26.09758949
26.09758949
26.71896172
26.71896172
26.71896172
27.34033203
27.34033203
27.34033203
27.34033203
26.71896172
26.71896172
26.71896172
26.09758949
26.09758949
22.9907341
22.9907341
22.9907341
22.9907341
22.9907341
22.9907341
22.9907341
22.9907341
22.9907341
22.9907341
22.9907341
22.9907341
22.36936378
22.36936378
22.36936378
24.23347664
24.23347664
26.71896172
26.71896172
26.71896172
26.71896172
26.71896172
26.71896172
24.23347664
24.23347664
20.50524902
20.50524902
20.50524902
13.04879475
13.04879475
4.97096968
4.97096968
4.97096968
0
0
0
0
0
0
0
0
0
0
0
0
0
0
0
0
0
0
0
0
0
0
0
0
0
0
0
0
0
0
0
0
0
0
0.62137121
0.62137121
1.24274242
1.24274242
10.56331062
10.56331062
10.56331062
13.04879475
13.04879475
12.42742348
12.42742348
13.67016602
13.67016602
15.53427982
15.53427982
16.77702141
16.77702141
17.39839363
17.39839363
16.77702141
16.77702141
13.67016602
8.69919682
8.69919682
4.97096968
4.97096968
2.48548484
2.48548484
0
0
0
0
0
0
0
0
0
0
0
0
0
0
0
0
0
0
0
0
0
0
0
0
0
0
0
0
0
0
0
0
0
0
0
3.72822714
9.94193935
9.94193935
9.94193935
16.15565109
16.15565109
19.88387871
22.9907341
22.9907341
22.9907341
25.47621918
25.47621918
26.71896172
26.71896172
26.71896172
28.58307457
28.58307457
28.58307457
30.44718933
32.31130219
32.31130219
33.55404282
33.55404282
34.17541504
35.41815948
35.41815948
36.03952789
36.03952789
37.28227234
37.28227234
37.28227234
37.28227234
37.28227234
36.66090012
36.66090012
37.28227234
37.28227234
37.28227234
37.28227234
37.28227234
37.90364456
37.90364456
37.90364456
37.90364456
37.90364456
38.52501297
38.52501297
38.52501297
38.52501297
38.52501297
38.52501297
38.52501297
37.90364456
37.90364456
36.66090012
36.66090012
34.79678726
32.93267441
32.93267441
30.44718933
30.44718933
26.71896172
26.71896172
21.12662125
16.77702141
16.77702141
12.42742348
12.42742348
8.69919682
8.69919682
3.72822714
1.86411357
1.86411357
0.62137121
0.62137121
0.62137121
2.48548484
2.48548484
8.07782555
8.07782555
11.18468189
14.29153728
14.29153728
18.01976395
18.01976395
19.88387871
21.74799156
21.74799156
24.23347664
24.23347664
25.47621918
25.47621918
27.34033203
29.20444679
29.20444679
30.44718933
30.44718933
31.68992996
32.93267441
32.93267441
34.17541504
34.17541504
35.41815948
35.41815948
36.03952789
36.03952789
36.03952789
36.66090012
36.66090012
37.28227234
37.28227234
37.28227234
36.66090012
36.66090012
35.41815948
35.41815948
34.17541504
32.93267441
32.93267441
32.31130219
32.31130219
32.31130219
32.31130219
32.31130219
32.31130219
32.31130219
32.93267441
32.31130219
32.31130219
31.68992996
31.68992996
31.06855965
31.06855965
31.06855965
31.06855965
31.06855965
30.44718933
29.82581711
29.82581711
29.82581711
29.82581711
29.20444679
28.58307457
28.58307457
27.34033203
27.34033203
26.71896172
25.47621918
25.47621918
21.12662125
21.12662125
15.53427982
15.53427982
10.56331062
5.59234095
5.59234095
4.34959841
4.34959841
7.45645428
12.42742348
12.42742348
13.67016602
13.67016602
11.80605221
11.80605221
14.91290855
19.88387871
19.88387871
22.9907341
22.9907341
24.85484695
24.85484695
26.09758949
26.09758949
27.34033203
27.34033203
27.34033203
27.96170425
27.96170425
28.58307457
28.58307457
28.58307457
28.58307457
28.58307457
26.09758949
26.09758949
25.47621918
23.61210442
23.61210442
21.12662125
21.12662125
16.77702141
9.94193935
9.94193935
3.10685587
3.10685587
0
1.24274242
1.24274242
6.83508301
6.83508301
11.18468189
16.15565109
16.15565109
19.88387871
19.88387871
21.74799156
23.61210442
23.61210442
22.36936378
22.36936378
16.77702141
11.80605221
11.80605221
12.42742348
12.42742348
14.91290855
17.39839363
17.39839363
19.26250648
19.26250648
20.50524902
21.12662125
21.12662125
22.36936378
22.36936378
22.9907341
22.9907341
22.9907341
22.9907341
22.9907341
22.9907341
22.9907341
23.61210442
22.36936378
22.36936378
20.50524902
20.50524902
16.15565109
9.94193935
9.94193935
6.83508301
6.83508301
7.45645428
9.94193935
9.94193935
9.94193935
9.94193935
8.69919682
8.07782555
8.07782555
9.32056808
9.32056808
9.32056808
9.32056808
9.32056808
8.69919682